1.58113883008419 0.02 0.0025
1.58113883008419 0.03 0.0025
1.58113883008419 0.04 0.0025
1.58113883008419 0.06 0.0025
1.58113883008419 0.07 0.0025
1.58113883008419 0.08 0.0025
1.58113883008419 0.09 0.0025
1.58113883008419 0.15 0.0025
1.58113883008419 0.25 0.0025
1.58113883008419 0.35 0.0025
1.58113883008419 0.45 0.0025
1.58113883008419 0.55 0.0025
1.58113883008419 0.65 0.0025
1.58113883008419 0.75 0.0025
1.58113883008419 0.85 0.0025
1.58113883008419 0.95 0.0025
3.16227766017 0.02 0.0025
3.16227766017 0.03 0.0025
3.16227766017 0.04 0.0025
3.16227766017 0.06 0.0025
3.16227766017 0.07 0.0025
3.16227766017 0.08 0.0025
3.16227766017 0.09 0.0025
3.16227766017 0.15 0.0025
3.16227766017 0.25 0.0025
3.16227766017 0.35 0.0025
3.16227766017 0.45 0.0025
3.16227766017 0.55 0.0025
3.16227766017 0.65 0.0025
3.16227766017 0.75 0.0025
3.16227766017 0.85 0.0025
3.16227766017 0.95 0.0025