2.258317958127243 0.0018 0.05
2.258317958127243 0.0018 0.075
2.258317958127243 0.005625 0.016
2.258317958127243 0.0056 0.025
2.258317958127243 0.0056 0.035
2.258317958127243 0.0056 0.05
2.258317958127243 0.0056 0.075
2.258317958127243 0.018 0.0085
2.258317958127243 0.018 0.016
2.258317958127243 0.0178 0.025
2.258317958127243 0.018 0.035
2.258317958127243 0.018 0.05
2.258317958127243 0.0178 0.075
2.258317958127243 0.0564 0.0025
2.258317958127243 0.056235 0.0085
2.258317958127243 0.056187 0.016
2.258317958127243 0.0562 0.025
2.258317958127243 0.18 0.0025
2.258317958127243 0.18 0.0085
2.258317958127243 0.56 0.0025
2.9664793948382653 0.0018 0.075
2.9664793948382653 0.0056 0.025
2.9664793948382653 0.0056 0.035
2.9664793948382653 0.0056 0.05
2.9664793948382653 0.0056 0.075
2.9664793948382653 0.018 0.0085
2.9664793948382653 0.018 0.016
2.9664793948382653 0.0178 0.025
2.9664793948382653 0.018 0.035
2.9664793948382653 0.018 0.05
2.9664793948382653 0.0178 0.075
2.9664793948382653 0.0564 0.0025
2.9664793948382653 0.056235 0.0085
2.9664793948382653 0.056187 0.016
2.9664793948382653 0.0562 0.025
2.9664793948382653 0.0562 0.035
2.9664793948382653 0.0562 0.05
2.9664793948382653 0.18 0.0025
2.9664793948382653 0.18 0.0085
2.9664793948382653 0.18 0.016
2.9664793948382653 0.56 0.0025
3.9115214431215892 0.0056 0.05
3.9115214431215892 0.0056 0.075
3.9115214431215892 0.018 0.016
3.9115214431215892 0.0178 0.025
3.9115214431215892 0.018 0.035
3.9115214431215892 0.018 0.05
3.9115214431215892 0.0178 0.075
3.9115214431215892 0.056235 0.0085
3.9115214431215892 0.056187 0.016
3.9115214431215892 0.0562 0.025
3.9115214431215892 0.0562 0.035
3.9115214431215892 0.0562 0.05
3.9115214431215892 0.0562 0.075
3.9115214431215892 0.18 0.0025
3.9115214431215892 0.18 0.0085
3.9115214431215892 0.18 0.016
3.9115214431215892 0.178 0.025
3.9115214431215892 0.56 0.0025
3.9115214431215892 0.56 0.0085
5.1478150704935 0.0056 0.075
5.1478150704935 0.0178 0.025
5.1478150704935 0.0178 0.035
5.1478150704935 0.0178 0.05
5.1478150704935 0.0178 0.075
5.1478150704935 0.056235 0.0085
5.1478150704935 0.056187 0.016
5.1478150704935 0.0562 0.025
5.1478150704935 0.0562 0.035
5.1478150704935 0.0562 0.05
5.1478150704935 0.0562 0.075
5.1478150704935 0.178 0.0025
5.1478150704935 0.178 0.0085
5.1478150704935 0.178 0.016
5.1478150704935 0.178 0.025
5.1478150704935 0.178 0.035
5.1478150704935 0.562 0.0025
5.1478150704935 0.562 0.0085
6.782329983125268 0.018 0.05
6.782329983125268 0.0178 0.075
6.782329983125268 0.056187 0.016
6.782329983125268 0.0562 0.025
6.782329983125268 0.0562 0.035
6.782329983125268 0.0562 0.05
6.782329983125268 0.0562 0.075
6.782329983125268 0.18 0.0085
6.782329983125268 0.18 0.016
6.782329983125268 0.178 0.025
6.782329983125268 0.18 0.035
6.782329983125268 0.18 0.05
6.782329983125268 0.178 0.075
6.782329983125268 0.56 0.0025
6.782329983125268 0.56 0.0085
6.782329983125268 0.56 0.016
6.782329983125268 0.562 0.025
1.5811388300841898 0.18 0.00035
1.5811388300841898 0.18 0.0009
1.5811388300841898 0.18 0.0025
1.5811388300841898 0.18 0.0085
1.5811388300841898 0.056667 0.0009
1.5811388300841898 0.0564 0.0025
1.5811388300841898 0.056235 0.0085
1.5811388300841898 0.056187 0.016
1.5811388300841898 0.018 0.0025
1.5811388300841898 0.018 0.0085
1.5811388300841898 0.018 0.016
1.5811388300841898 0.0178 0.025
1.5811388300841898 0.018 0.05
1.5811388300841898 0.0178 0.075
1.5811388300841898 0.005647 0.0085
1.5811388300841898 0.005625 0.016
1.5811388300841898 0.0056 0.025
1.5811388300841898 0.0056 0.05
1.5811388300841898 0.005627 0.075
1.5811388300841898 0.005622 0.09
1.5811388300841898 0.00178 0.05
1.5811388300841898 0.001773 0.075
1.5811388300841898 0.001778 0.09
2.258317958127243 0.005622 0.09
2.9664793948382653 0.56 0.00035
2.9664793948382653 0.56 0.0009
2.9664793948382653 0.56 0.0085
2.9664793948382653 0.18 0.0009
2.9664793948382653 0.0562 0.075
2.9664793948382653 0.0178 0.09
2.9664793948382653 0.005622 0.09
3.9115214431215892 0.56 0.0009
3.9115214431215892 0.0562 0.09
3.9115214431215892 0.0178 0.09
6.782329983125268 0.815556 0.0009
6.782329983125268 0.816 0.0025
6.782329983125268 0.816 0.0085
6.782329983125268 0.816 0.016
6.782329983125268 0.56 0.035
6.782329983125268 0.178 0.09
5.1478150704935 0.0562 0.09
6.782329983125268 0.0562 0.09
1.5811388300841898 0.0562 0.025
2.258317958127243 0.0562 0.05
2.258317958127243 0.0562 0.075
2.258317958127243 0.177778 0.0009
2.258317958127243 0.178 0.025
2.258317958127243 0.56 0.0009
2.9664793948382653 0.178 0.025
2.9664793948382653 0.18 0.05
5.1478150704935 0.178 0.05
5.1478150704935 0.178 0.075
5.1478150704935 0.562222 0.0009
5.1478150704935 0.562 0.025
1.5811388300841898 0.0056 0.035
1.5811388300841898 0.018 0.035
1.5811388300841898 0.18 0.016
1.5811388300841898 0.56 0.00035
1.5811388300841898 0.56 0.0009
1.5811388300841898 0.56 0.0025
2.258317958127243 0.18 0.016
2.258317958127243 0.18 0.035
2.258317958127243 0.56 0.00035
2.258317958127243 0.56 0.0085
2.9664793948382653 0.18 0.035
2.9664793948382653 0.56 0.016
3.9115214431215892 0.18 0.035
3.9115214431215892 0.18 0.05
3.9115214431215892 0.56 0.016
3.9115214431215892 0.56 0.035
6.782329983125268 0.56 0.05