3.9115214431215892 0.056235 0.0085
3.9115214431215892 0.18 0.0025
3.9115214431215892 0.18 0.0085
3.9115214431215892 0.56 0.0025
3.9115214431215892 0.56 0.0085
5.1478150704935 0.056235 0.0085
5.1478150704935 0.178 0.0025
5.1478150704935 0.178 0.0085
5.1478150704935 0.562 0.0025
5.1478150704935 0.562 0.0085
6.782329983125268 0.18 0.0085
6.782329983125268 0.56 0.0025
6.782329983125268 0.56 0.0085
3.9115214431215892 0.56 0.0009
6.782329983125268 0.815556 0.0009
6.782329983125268 0.816 0.0025
6.782329983125268 0.816 0.0085
5.1478150704935 0.562222 0.0009
