2.258317958127243 0.018 0.0085
2.258317958127243 0.0564 0.0025
2.258317958127243 0.056235 0.0085
2.258317958127243 0.18 0.0025
2.258317958127243 0.18 0.0085
2.258317958127243 0.56 0.0025
2.9664793948382653 0.018 0.0085
2.9664793948382653 0.0564 0.0025
2.9664793948382653 0.056235 0.0085
2.9664793948382653 0.18 0.0025
2.9664793948382653 0.18 0.0085
2.9664793948382653 0.56 0.0025
1.5811388300841898 0.18 0.00035
1.5811388300841898 0.18 0.0009
1.5811388300841898 0.18 0.0025
1.5811388300841898 0.18 0.0085
1.5811388300841898 0.056667 0.0009
1.5811388300841898 0.0564 0.0025
1.5811388300841898 0.056235 0.0085
1.5811388300841898 0.018 0.0025
1.5811388300841898 0.018 0.0085
1.5811388300841898 0.005647 0.0085
2.9664793948382653 0.56 0.00035
2.9664793948382653 0.56 0.0009
2.9664793948382653 0.56 0.0085
2.9664793948382653 0.18 0.0009
2.258317958127243 0.177778 0.0009
2.258317958127243 0.56 0.0009
1.5811388300841898 0.56 0.00035
1.5811388300841898 0.56 0.0009
1.5811388300841898 0.56 0.0025
2.258317958127243 0.56 0.00035
2.258317958127243 0.56 0.0085
