1.5811388300841898 0.18 0.00035
1.5811388300841898 0.56 0.00035
1.5811388300841898 0.056667 0.0009
1.5811388300841898 0.18 0.0009
1.5811388300841898 0.56 0.0009
1.5811388300841898 0.018 0.0025
1.5811388300841898 0.0564 0.0025
1.5811388300841898 0.18 0.0025
1.5811388300841898 0.56 0.0025
1.5811388300841898 0.005647 0.0085
1.5811388300841898 0.018 0.0085
1.5811388300841898 0.056235 0.0085
1.5811388300841898 0.18 0.0085
2.258317958127243 0.56 0.00035
2.258317958127243 0.177778 0.0009
2.258317958127243 0.56 0.0009
2.258317958127243 0.0564 0.0025
2.258317958127243 0.18 0.0025
2.258317958127243 0.56 0.0025
2.258317958127243 0.018 0.0085
2.258317958127243 0.056235 0.0085
2.258317958127243 0.18 0.0085
2.258317958127243 0.56 0.0085
2.9664793948382653 0.56 0.00035
2.9664793948382653 0.18 0.0009
2.9664793948382653 0.56 0.0009
2.9664793948382653 0.0564 0.0025
2.9664793948382653 0.18 0.0025
2.9664793948382653 0.56 0.0025
2.9664793948382653 0.018 0.0085
2.9664793948382653 0.056235 0.0085
2.9664793948382653 0.18 0.0085
2.9664793948382653 0.56 0.0085
3.9115214431215892 0.056235 0.0085
3.9115214431215892 0.18 0.0025
3.9115214431215892 0.18 0.0085
3.9115214431215892 0.56 0.0025
3.9115214431215892 0.56 0.0085
5.1478150704935 0.056235 0.0085
5.1478150704935 0.178 0.0025
5.1478150704935 0.178 0.0085
5.1478150704935 0.562 0.0025
5.1478150704935 0.562 0.0085
5.1478150704935 0.562222 0.0009
6.782329983125268 0.18 0.0085
6.782329983125268 0.56 0.0025
6.782329983125268 0.56 0.0085
3.9115214431215892 0.56 0.0009
6.782329983125268 0.815556 0.0009
6.782329983125268 0.816 0.0025
6.782329983125268 0.816 0.0085