1.58113883008419 0.01 0.00025
1.58113883008419 0.02 0.00025
1.58113883008419 0.03 0.00025
1.58113883008419 0.04 0.00025
1.58113883008419 0.05 0.00025
1.58113883008419 0.06 0.00025
1.58113883008419 0.07 0.00025
1.58113883008419 0.08 0.00025
1.58113883008419 0.09 0.00025
1.58113883008419 0.1 0.00025
1.58113883008419 0.15 0.00025
1.58113883008419 0.2 0.00025
3.16227766017 0.01 0.00025
3.16227766017 0.02 0.00025
3.16227766017 0.03 0.00025
3.16227766017 0.04 0.00025
3.16227766017 0.05 0.00025
3.16227766017 0.06 0.00025
3.16227766017 0.07 0.00025
3.16227766017 0.08 0.00025
3.16227766017 0.09 0.00025
3.16227766017 0.1 0.00025
3.16227766017 0.15 0.00025
3.16227766017 0.2 0.00025